5.866139
0.8000193238
0.7948383689
0.7897917628
0.7848685980
0.7800714374
0.7753940821
0.7708235979
0.7663678527
0.7620291710
0.7577979565
0.7536697984
0.7496414185
0.7457088828
0.7418630719
0.7381119132
0.7344501019
0.7308784127
0.7273973227
0.7239983678
0.7206876278
0.7174710035
0.7143458724
0.7112959027
0.7083337307
0.7054713368
0.7026920915
0.6999886036
0.6973472834
0.6947727203
0.6922684312
0.6898251772
0.6874477267
0.6851344109
0.6828777790
0.6806795001
0.6785363555
0.6764520407
0.6744183898
0.6724471450
0.6705285311
0.6686568856
0.6668316722
0.6650536060
0.6633215547
0.6616393924
0.6600059867
0.6584095359
0.6568505764
0.6553320289
0.6538443565
0.6523891687
0.6509711146
0.6495910883
0.6482484341
0.6469318867
0.6456437111
0.6443795562
0.6431384087
0.6419195533
0.6407263875
0.6395645142
0.6384366751
0.6373546124
0.6362991929
0.6352708936
0.6342700124
0.6332877278
0.6323215961
0.6313816309
0.6304695606
0.6295804381
0.6287073493
0.6278553605
0.6270229220
0.6262180209
0.6254317164
0.6246600747
0.6239064932
0.6231644750
0.6224438548
0.6217361093
0.6210440397
0.6203684807
0.6197019219
0.6190401316
0.6183873415
0.6177527308
0.6171393991
0.6165425181
0.6159583926
0.6153868437
0.6148271561
0.6142725348
0.6137331724
0.6132102013
0.6126993299
0.6121982336
0.6117067933
0.6112241149
0.6107517481
0.6102810502
0.6098194718
0.6093668938
0.6089240909
0.6084906459
0.6080651879
0.6076467633
0.6072380543
0.6068401337
0.6064502597
0.6060657501
0.6056870818
0.6053133607
0.6049451828
0.6045837402
0.6042319536
0.6038872004
0.6035488248
0.6032184362
0.6028943062
0.6025760770
0.6022625566
0.6019548178
0.6016526222
0.6013562083
0.6010640860
0.6007766128
0.6004939675
0.6002166867
0.5999407768
0.5996688008
0.5994040370
0.5991452932
0.5988906622
0.5986421108
0.5983982682
0.5981592536
0.5979247093
0.5976943374
0.5974646807
0.5972397327
0.5970190167
0.5968027115
0.5965892076
0.5963787436
0.5961729884
0.5959697366
0.5957683325
0.5955697298
0.5953742862
0.5951809287
0.5949898958
0.5948017240
0.5946156383
0.5944323540
0.5942515731
0.5940732360
0.5938975811
0.5937246084
0.5935533643
0.5933849216
0.5932181478
0.5930535197
0.5928930044
0.5927348137
0.5925779939
0.5924226046
0.5922694206
0.5921177268
0.5919677615
0.5918201208
0.5916731954
0.5915275216
0.5913824439
0.5912381411
0.5910964012
0.5909558535
0.5908171535
0.5906802416
0.5905442834
0.5904098153
0.5902765393
0.5901458263
0.5900153518
0.5898862481
0.5897586346
0.5896329880
0.5895086527
0.5893868208
0.5892662406
0.5891483426
0.5890315175
0.5889161229
0.5888022184
0.5886896849
0.5885779858
0.5884671807
0.5883576274
0.5882487893
0.5881407261
0.5880333185
0.5879271030
0.5878220797
0.5877180099
0.5876148343
0.5875121951
0.5874103308
0.5873095989
0.5872091651
0.5871102214
0.5870127082
0.5869162679
0.5868199468
0.5867235661
0.5866276026
0.5865327120
0.5864390731
0.5863459706
0.5862538815
0.5861619711
0.5860706568
0.5859795213
0.5858888030
0.5857985020
0.5857096910
0.5856216550
0.5855351090
0.5854496360
0.5853659511
0.5852831602
0.5852011442
0.5851206779
0.5850408673
0.5849627852
0.5848858356
0.5848096609
0.5847342014
0.5846592784
0.5845849514
0.5845114589
0.5844382048
0.5843656063
0.5842936039
0.5842224360
0.5841519237
0.5840825438
0.5840139985
0.5839462876
0.5838792324
0.5838121772
0.5837458372
0.5836796761
0.5836141109
0.5835491419
0.5834852457
0.5834215283
0.5833582878
0.5832962394
0.5832347274
0.5831738710
0.5831136703
0.5830542445
0.5829953551
0.5829368830
0.5828787684
0.5828212500
0.5827643871
0.5827077031
0.5826516151
0.5825958252
0.5825405717
0.5824857354
0.5824313760
0.5823773146
0.5823239088
0.5822709799
0.5822188854
0.5821670294
0.5821157694
0.5820652843
0.5820152760
0.5819655657
0.5819163322
0.5818673372
0.5818189979
0.5817712545
0.5817233920
0.5816757679
0.5816283226
0.5815817118
0.5815355182
0.5814899802
0.5814445615
0.5813997984
0.5813551545
0.5813109875
0.5812672973
0.5812239051
0.5811809301
0.5811383128
0.5810956955
0.5810531974
0.5810109973
0.5809692144
0.5809277296
0.5808863640
0.5808456540
0.5808053017
0.5807652473
0.5807254314
0.5806861520
0.5806473494
0.5806087255
0.5805702806
0.5805318356
0.5804940462
0.5804564953
0.5804188848
0.5803816915
0.5803447962
0.5803077221
0.5802713037
0.5802350044
0.5801991224
0.5801635981
0.5801281929
0.5800932646
0.5800585747
0.5800241828
0.5799900889
0.5799560547
0.5799223185
0.5798884034
0.5798545480
0.5798209906
0.5797877908
0.5797552466
0.5797226429
0.5796903968
0.5796585083
0.5796265006
0.5795943737
0.5795626044
0.5795313716
0.5795002580
0.5794692636
0.5794386268
0.5794081688
0.5793779492
0.5793479681
0.5793182254
0.5792884231
0.5792593956
0.5792298317
0.5792009234
0.5791723132
0.5791437030
0.5791152120
0.5790870190
0.5790588260
0.5790308714
0.5790031552
0.5789759755
0.5789487362
0.5789217353
0.5788949132
0.5788680315
0.5788415670
0.5788152814
0.5787892342
0.5787631869
0.5787376761
0.5787122846
0.5786868930
0.5786619782
0.5786368847
0.5786124468
0.5785878897
0.5785637498
0.5785396099
0.5785155296
0.5784915686
0.5784680843
0.5784447193
0.5784212351
0.5783981085
0.5783749819
0.5783520341
0.5783292055
0.5783063769
0.5782839060
0.5782613754
0.5782389641
0.5782167912
0.5781946778
0.5781727433
0.5781505704
0.5781287551
0.5781071186
0.5780853033
0.5780636072
0.5780419707
0.5780202746
0.5779991746
0.5779779553
0.5779567957
0.5779356956
0.5779146552
0.5778937936
0.5778728724
0.5778525472
0.5778321624
0.5778117776
0.5777918100
0.5777719617
0.5777521729
0.5777323246
0.5777128935
0.5776933432
0.5776739717
0.5776547790
0.5776358247
0.5776169300
0.5775981545
0.5775792003
0.5775603056
0.5775420070
0.5775234103
0.5775048733
0.5774865746
0.5774681568
0.5774499774
0.5774315596
0.5774133205
0.5773952007
0.5773772001
0.5773591995
0.5773414373
0.5773236156
0.5773060322
0.5772884488
0.5772709846
0.5772537589
0.5772363544
0.5772192478
0.5772019625
0.5771847963
0.5771677494
0.5771508813
0.5771340132
0.5771175027
0.5771006942
0.5770843625
0.5770679116
0.5770516396
0.5770353079
0.5770192146
0.5770031810
0.5769873261
0.5769714713
0.5769557357
0.5769402385
0.5769248009
0.5769093037
0.5768940449
0.5768789053
0.5768638849
0.5768487453
0.5768337250
0.5768189430
0.5768041611
0.5767895579
0.5767748952
0.5767605305
0.5767462254
0.5767319798
0.5767175555
0.5767036080
0.5766893029
0.5766752958
0.5766614676
0.5766474605
0.5766336918
0.5766200423
0.5766064525
0.5765929222
0.5765795708
0.5765661597
0.5765529871
0.5765398145
0.5765265822
0.5765136480
0.5765005946
0.5764874220
0.5764745474
0.5764615536
0.5764488578
0.5764359832
0.5764232278
0.5764105916
0.5763979554
0.5763853788
0.5763728023
0.5763605833
0.5763481259
0.5763359666
0.5763236284
0.5763114691
0.5762991905
0.5762872100
0.5762751698
0.5762633085
0.5762512088
0.5762392282
0.5762274265
0.5762156844
0.5762035847
0.5761919022
0.5761800408
0.5761683583
0.5761564970
0.5761449933
0.5761333108
0.5761217475
0.5761101246
0.5760983825
0.5760867596
0.5760753155
0.5760636926
0.5760523677
0.5760410428
0.5760295391
0.5760181546
0.5760068297
0.5759956241
0.5759842992
0.5759730339
0.5759618282
0.5759506822
0.5759397745
0.5759286284
0.5759176016
0.5759065151
0.5758957267
0.5758845210
0.5758735538
0.5758626461
0.5758519173
0.5758411884
0.5758302212
0.5758195519
0.5758087635
0.5757980943
0.5757872462
0.5757766366
0.5757659674
0.5757552385
0.5757447481
0.5757342577
0.5757237077
0.5757132173
0.5757027864
0.5756925344
0.5756820440
0.5756716728
0.5756613612
0.5756512880
0.5756409764
0.5756307244
0.5756206512
0.5756105781
0.5756005645
0.5755904913
0.5755804181
0.5755705833
0.5755604506
0.5755507350
0.5755406618
0.5755306482
0.5755207539
0.5755109787
0.5755012035
0.5754913092
0.5754817128
0.5754718781
0.5754622221
0.5754525065
0.5754430890
0.5754334927
0.5754239559
0.5754145384
0.5754049420
0.5753956437
0.5753863454
0.5753768086
0.5753675699
0.5753582120
0.5753489733
0.5753396749
0.5753302574
0.5753210783
0.5753120184
0.5753028393
0.5752937198
0.5752845407
0.5752755404
0.5752667189
0.5752573013
0.5752483010
0.5752394795
0.5752304792
0.5752215981
0.5752126575
0.5752037168
0.5751948357
0.5751860142
0.5751772523
0.5751684308
0.5751596093
0.5751509070
0.5751421452
0.5751334429
0.5751248002
0.5751160383
0.5751074553
0.5750987530
0.5750902295
0.5750815272
0.5750730038
0.5750644803
0.5750560164
0.5750474930
0.5750390887
0.5750303864
0.5750219226
0.5750133395
0.5750051737
0.5749966502
0.5749881864
0.5749797225
0.5749712586
0.5749627352
0.5749542713
0.5749459267
0.5749375224
0.5749290586
0.5749207735
0.5749123693
0.5749040246
0.5748956800
0.5748875141
0.5748792887
0.5748711228
0.5748627186
0.5748546124
0.5748463273
0.5748381019
0.5748296976
0.5748214126
0.5748133063
0.5748049021
0.5747964978
0.5747882724
0.5747798085
0.5747715831
0.5747631788
0.5747548938
0.5747466683
0.5747381449
0.5747298598
0.5747215748
0.5747132301
0.5747050643
0.5746968389
0.5746886134
0.5746802092
0.5746718049
0.5746635199
0.5746551752
0.5746471882
0.5746389627
0.5746309161
0.5746229291
0.5746147037
0.5746064782
0.5745983720
0.5745902061
0.5745821595
0.5745739937
0.5745659471
0.5745577216
0.5745498538
0.5745417476
0.5745338202
0.5745259523
0.5745179653
0.5745099783
0.5745020509
0.5744940042
0.5744860768
0.5744782090
0.5744700432
0.5744624734
0.5744545460
0.5744466782
0.5744389892
0.5744310021
0.5744233131
0.5744155049
0.5744077563
0.5743999481
0.5743923187
0.5743846297
0.5743768215
0.5743691921
0.5743615627
0.5743538737
0.5743463039
0.5743383765
0.5743309259
0.5743232369
0.5743154287
0.5743079782
0.5743002892
0.5742926002
0.5742849112
0.5742774606
0.5742698908
0.5742623210
0.5742545128
0.5742468238
0.5742390156
0.5742316246
0.5742241144
0.5742164254
0.5742087960
0.5742011666
0.5741935968
0.5741861463
0.5741785765
0.5741710067
0.5741633773
0.5741559863
0.5741483569
0.5741408467
0.5741333961
0.5741260052
0.5741183758
0.5741108060
0.5741034150
0.5740959644
0.5740883946
0.5740808845
0.5740734339
0.5740660429
0.5740584731
0.5740509629
0.5740434527
0.5740361214
0.5740287900
0.5740212202
0.5740138888
0.5740065575
0.5739990473
0.5739915967
0.5739841461
0.5739769340
0.5739694834
0.5739622712
0.5739547610
0.5739476085
0.5739401579
0.5739330053
0.5739257932
0.5739184618
0.5739112496
0.5739039779
0.5738967061
0.5738896132
0.5738823414
0.5738751888
0.5738679171
0.5738607049
0.5738533735
0.5738462806
0.5738392472
0.5738320351
0.5738247037
0.5738173723
0.5738102794
0.5738031268
0.5737959743
0.5737888217
0.5737817287
0.5737743974
0.5737674832
0.5737602115
0.5737530589
0.5737460256
0.5737388730
0.5737318397
0.5737245083
0.5737175345
0.5737103224
0.5737029910
0.5736960173
0.5736889839
0.5736817122
0.5736747384
0.5736674666
0.5736602545
0.5736533403
0.5736461282
0.5736393332
0.5736322403
0.5736253858
0.5736181736
0.5736113191
0.5736046433
0.5735976100
0.5735906959
0.5735837221
0.5735767484
0.5735699534
0.5735630393
0.5735563040
0.5735494494
0.5735425353
0.5735356808
0.5735289454
0.5735220909
0.5735152960
0.5735085011
0.5735015869
0.5734947324
0.5734881163
0.5734812021
0.5734744668
0.5734676719
0.5734609962
0.5734542012
0.5734475851
0.5734407306
0.5734338164
0.5734271407
0.5734204054
0.5734135509
0.5734067559
0.5733999014
0.5733930469
0.5733863711
0.5733796358
0.5733728409
0.5733661056
0.5733593106
0.5733524561
0.5733454823
0.5733386278
0.5733316541
0.5733249187
0.5733178854
0.5733112097
0.5733044147
0.5732977390
0.5732908249
0.5732839108
0.5732772350
0.5732703805
0.5732632875
0.5732561350
0.5732491016
0.5732418895
0.5732349753
0.5732278228
0.5732207298
0.5732135177
0.5732063055
0.5731989741
0.5731918812
0.5731846690
0.5731773973
0.5731703639
0.5731632113
0.5731561184
0.5731489658
0.5731418729
0.5731350183
0.5731279254
0.5731210113
0.5731142759
0.5731071830
0.5731004477
0.5730935335
0.5730866790
0.5730799437
0.5730732083
0.5730664134
0.5730595589
0.5730529428
0.5730459094
0.5730392337
0.5730324388
0.5730256438
0.5730189085
0.5730119944
0.5730052590
0.5729985237
0.5729916096
0.5729848146
0.5729780197
0.5729714632
0.5729646087
0.5729578733
0.5729513168
0.5729447007
0.5729378462
0.5729314089
0.5729246736
0.5729181767
0.5729115009
0.5729051232
0.5728985071
0.5728920102
0.5728855133
0.5728790164
0.5728722811
0.5728657246
0.5728592277
0.5728526711
0.5728462338
0.5728396773
0.5728331208
0.5728267431
0.5728201866
0.5728136301
0.5728073716
0.5728008151
0.5727943182
0.5727878213
0.5727816224
0.5727752447
0.5727689266
0.5727625489
0.5727561116
0.5727498531
0.5727435350
0.5727372169
0.5727309585
0.5727245808
0.5727182627
0.5727120042
0.5727057457
0.5726994872
0.5726932287
0.5726868510
0.5726804137
0.5726742148
0.5726677775
0.5726613402
0.5726550221
0.5726485848
0.5726422071
0.5726359487
0.5726296306
0.5726233125
0.5726168752
0.5726103783
0.5726041198
0.5725977421
0.5725913048
0.5725852251
0.5725787282
0.5725724101
0.5725661516
0.5725598335
0.5725533366
0.5725469589
0.5725404024
0.5725337863
0.5725269914
0.5725201368
0.5725134611
0.5725066066
0.5724997520
0.5724930167
0.5724862814
0.5724794865
0.5724726319
0.5724659562
0.5724592209
0.5724522471
0.5724455714
0.5724385381
0.5724316835
0.5724249482
0.5724180937
0.5724113584
0.5724048018
0.5723980665
0.5723913312
0.5723846555
